0.021000,
0.054333
0.087667
0.121000
0.154333
0.187667
0.221000
0.254333
0.287667
0.321000
0.354333
0.387667
0.421000
0.454333
0.487667
0.521000
0.554333
0.587667
0.621000
0.654333
0.687667
0.721000
0.754333
0.787667
0.821000
0.854333
0.887667
0.921000,
0.954333
0.987667
1.021000
1.054333
1.087667
1.121000
1.154333
1.187667
1.221000
1.254333
1.287667
1.321000
1.354333
1.387667
1.421000
1.454333
1.487667
1.521000
1.554333
1.587667
1.621000
1.654333
1.687667
1.721000
1.754333
1.787667
1.821000
1.854333
1.887667
1.921000
1.954333
1.987667
2.021000,
2.054333
2.087667
2.121000
2.154333
2.187667
2.221000
2.254333
2.287667
2.321000
2.354333
2.387667
2.421000
2.454333
2.487667
2.521000
2.554333
2.587667
2.621000
2.654333
2.687667
2.721000
2.754333
2.787667
2.821000
2.854333
2.887000,
2.920333
2.953667
2.987000
3.020333
3.053667
3.087000
3.120333
3.153667
3.187000
3.220333
3.253667
3.287000
3.320333
3.353667
3.387000
3.420333
3.453667
3.487000
3.520333
3.553667
3.587000
3.620333
3.653667
3.687000
3.720333
3.753667
3.787000
3.820333
3.853667
3.887000
3.920333
3.953667
3.987000,
4.020333
4.053667
4.087000
4.120333
4.153667
4.187000
4.220333
4.253667
4.287000
4.320333
4.353667
4.387000
4.420333
4.453667
4.487000
4.520333
4.553667
4.587000
4.620333,
4.653667
4.687000
4.720333
4.753667
4.787000
4.820333
4.853667
4.887000
4.920333
4.953667
4.987000
5.020333
5.053667
5.087000
5.120333
5.153667
5.187000
5.220333
5.253667
5.287000
5.320333
5.353667
5.387000
5.420333
5.453667
5.487000
5.520333
5.553667,
5.587000
5.620333
5.653667
5.687000
5.720333
5.753667
5.787000
5.820333
5.853667
5.887000
5.920333
5.953667
5.987000
6.020333
6.053667
6.087000
6.120333
6.153667
6.187000
6.220333
6.253667
6.287000
6.320333
6.353667
6.387000
6.420333
6.453667
6.487000
6.520333
6.553667
6.587000
6.620333
6.653667
6.687000
6.720333,
6.753667
6.787000
6.820333
6.853667
6.887000
6.920333
6.953667
6.987000
7.020333
7.053667
7.087000
7.120333
7.153667
7.187000
7.220333
7.253667
7.287000
7.320333
7.353667
7.387000
7.420333
7.453667
7.487000
7.520333
7.553667
7.587000
7.620333,
7.653667
7.687000
7.720333
7.753667
7.787000
7.820333
7.853667
7.887000
7.920333
7.953667
7.987000
8.020333
8.053667
8.087000
8.120333
8.153667
8.187000
8.220333
8.253667
8.287000
8.320333
8.353667
8.387000
8.420333
8.453667
8.487000
8.520333
8.553667
8.587000
8.620333
8.653667
8.687000
8.720333
8.753667
8.787000
8.820333
8.853667
8.887000
8.920333
8.953667
8.987000
9.020333
9.053667
9.087000
9.120333
9.153667
9.187000
9.220333
9.253667
9.287000
9.320333
9.353667
9.387000
9.420333
9.453667
9.487000
9.520333
9.553667
9.587000,
9.620333
9.653667
9.687000
9.720333
9.753667
9.787000
9.820333
9.853667
9.887000
9.920333
9.953667
9.987000
10.020333
10.053667
10.087000
10.120333
10.153667
10.187000
10.220333
10.253667
10.287000
10.320333
10.353667
10.387000
10.420333
10.453667
10.487000
10.520333
10.553667,
10.587000
10.620333
10.653667
10.687000
10.720333
10.753667
10.787000
10.820333
10.853667
10.887000
10.920333
10.953667
10.987000
11.020333
11.053667
11.087000
11.120333
11.153667
11.187000
11.220333
11.253667
11.287000
11.320333
11.353667
11.387000
11.420333
11.453667,
11.487000
11.520333
11.553667
11.587000
11.620333
11.653667
11.687000
11.720333
11.753667
11.787000
11.820333
11.853667
11.887000
11.920333
11.953667
11.987000
12.020333
12.053667
12.087000
12.120333
12.153667
12.187000
12.220333
12.253667
12.287000
12.320333
12.353667,
12.387000
12.420333
12.453667
12.487000
12.520333
12.553667
12.587000
12.620333
12.653667
12.687000
12.720333
12.753667
12.787000
12.820333
12.853667
12.887000
12.920333
12.953667
12.987000
13.020333
13.053667
13.087000
13.120333
13.153667
13.187000
13.220333,
13.253667
13.287000
13.320333
13.353667
13.387000
13.420333
13.453667
13.487000
13.520333
13.553667
13.587000
13.620333
13.653667
13.687000
13.720333
13.753667
13.787000
13.820333
13.853667
13.887000
13.920333
13.953667,
13.987000
14.020333
14.053667
14.087000
14.120333
14.153667
14.187000
14.220333
14.253667
14.287000
14.320333
14.353667
14.387000
14.420333
14.453667
14.487000
14.520333
14.553667
14.587000
14.620333
14.653667
14.687000
14.720333
14.753667
14.787000
14.820333
14.853667
14.887000
14.920333
14.953667
14.987000
15.020333
15.053667
15.087000
15.120333
15.153667
15.187000
15.220333
15.253667
15.287000
15.320333
15.353667
15.387000,
15.420333
15.453667
15.487000
15.520333
15.553667
15.587000
15.620333
15.653667
15.687000
15.720333
15.753667
15.787000
15.820333
15.853667
15.887000
15.920333
15.953667
15.987000
16.020333
16.053667
16.087000
16.120333
16.153667
16.187000
16.220333
16.253667
16.287000
16.320333
16.353667
16.387000
16.420333
16.453667
16.487000
16.520333
16.553667
16.587000
16.620333
16.653667,
16.687000
16.720333
16.753667
16.787000
16.820333
16.853667
16.887000
16.920333
16.953667
16.987000
17.020333
17.053667
17.087000,
17.120333
17.153667
17.187000
17.220333
17.253667
17.287000
17.320333
17.353667
17.387000
17.420333
17.453667
17.487000
17.520333
17.553667
17.587000
17.620333
17.653667
17.687000
17.720333
17.753667
17.787000
17.820333
17.853667
17.887000
17.920000,
17.953333
17.986667
18.020000
18.053333
18.086667
18.120000
18.153333
18.186667
18.220000
18.253333
18.286667
18.320000
18.353333
18.386667
18.420000
18.453333
18.486667
18.520000
18.553333
18.586667
18.620000
18.653333
18.686667
18.720000
18.753333
18.786667
18.820000
18.853333
18.886667
18.920000
18.953333
18.986667
19.020000,
19.053333
19.086667
19.120000
19.153333
19.186667
19.220000
19.253333
19.286667
19.320000
19.353333
19.386667
19.420000
19.453333
19.486667
19.520000
19.553333
19.586667
19.620000
19.653333
19.686667
19.720000
19.753333
19.786667
19.820000
19.853333
19.886667
19.920000
19.953333
19.986667
20.020000
20.053333
20.086667
20.120000
20.153333
20.186667
20.220000
20.253333
20.286667
20.320000
20.353333
20.401000,
20.434333
20.467667
20.501000
20.534333
20.567667
20.601000
20.634333
20.667667
20.701000
20.734333
20.767667
20.801000
20.834333
20.867667
20.901000
20.934333
20.967667
21.001000
21.034333
21.067667
21.101000
21.134333
21.167667
21.201000
21.234333
21.267667
21.301000
21.334333
21.367667
21.401000
21.434333
21.467667
21.501000
21.534333
21.567667
21.601000
21.634333
21.667667
21.701000
21.734333
21.767667
21.801000
21.834333
21.867667
21.901000
21.942000,
21.975333
22.008667
22.042000
22.075333
22.108667
22.142000
22.175333
22.208667
22.242000
22.275333
22.308667
22.342000
22.375333
22.408667
22.442000
22.475333
22.508667
22.542000
22.575333
22.608667
22.642000
22.675333
22.708667
22.742000
22.775333
22.808667
22.842000
22.875333
22.908667
22.943000,
22.976333
23.009667
23.043000
23.076333
23.109667
23.143000
23.176333
23.209667
23.243000
23.276333
23.309667
23.343000
23.376333
23.409667
23.443000
23.476333
23.509667
23.543000
23.576333
23.609667
23.643000
23.676333
23.709667
23.743000
23.776333
23.809667
23.843000,
23.876333
23.909667
23.943000
23.976333
24.009667
24.043000
24.076333
24.109667
24.143000
24.176333
24.209667
24.243000
24.276333
24.309667
24.343000
24.376333
24.409000,
24.442333
24.475667
24.509000
24.542333
24.575667
24.609000
24.642333
24.675667
24.709000
24.742333
24.775667
24.809000
24.842333
24.875667
24.909000
24.942333
24.975667
25.009000
25.042333
25.075667
25.109000
25.142333
25.175667
25.209000
25.242333
25.275667
25.309000
25.342333
25.375667
25.409000
25.442333
25.475667
25.509000
25.542333
25.575667
25.609000
25.642333
25.675667
25.709000
25.742333
25.775667
25.809000
25.842333
25.875667,
25.909000
25.942333
25.975667
26.009000
26.042333
26.075667
26.109000
26.142333
26.175667
26.209000
26.242333
26.275667
26.309000
26.342333
26.375667
26.409000
26.442333
26.475667
26.509000
26.542333
26.575667
26.609000
26.642333
26.675667
26.709000
26.742333
26.775667
26.809000
26.842333
26.875667
26.909000
26.942333
26.975667
27.009000
27.042333
27.075667
27.109000,
27.142333
27.175667
27.209000
27.242333
27.275667
27.309000
27.342333
27.375667
27.409000
27.442333
27.475667
27.509000
27.542333
27.575667
27.609000
27.642333
27.675667
27.709000
27.742333
27.775667
27.809000
27.842333
27.875667
27.909000
27.942333
27.975667
28.009000
28.042333
28.075667
28.109000
28.142333
28.175667
28.209000
28.242333
28.275667
28.309000
28.342333
28.375667,
28.409000
28.442333
28.475667
28.509000
28.542333
28.575667
28.609000
28.642333
28.675667
28.709000
28.742333
28.775667
28.809000
28.842333
28.875667
28.909000
28.942333
28.975667
29.009000
29.042333
29.075667
29.109000
29.142333
29.175667
29.209000
29.242333
29.275667
29.309000
29.342333
29.375667
29.409000
29.442333
29.475667
29.509000
29.541667,
29.575000
29.608333
29.641667
29.675000
29.708333
29.741667
29.775000
29.808333
29.841667
29.875000
29.908333
29.941667
29.975000
30.008333
30.041667
30.075000
30.108333
30.141667
30.175000
30.208333
30.241667
30.275000
30.308333
30.341667
30.375000
30.408333
30.441667
30.475000
30.508333
30.541667
30.575000
30.608333
30.641667
30.675000
30.708333
30.741667
30.775000
30.808333
30.841667
30.875000
30.908333,
30.941667
30.975000
31.008333
31.041667
31.075000
31.108333
31.141667
31.175000
31.208333
31.241667
31.275000
31.308333
31.341667
31.375000
31.408333
31.441667
31.475000
31.508333
31.541667
31.575000
31.608333
31.641667
31.675000
31.708333
31.741667
31.789333,
31.822667
31.856000
31.889333
31.922667
31.956000
31.989333
32.022667
32.056000
32.089333
32.122667
32.156000
32.189333
32.222667
32.256000
32.289333
32.322667
32.356000
32.389333
32.422667
32.456000
32.489333
32.522667
32.556000
32.589333
32.622667
32.656000
32.689333
32.722667
32.756000
32.789333
32.822667
32.856000
32.889333
32.922667
32.956000,
32.989333
33.022667
33.056000
33.089333
33.122667
33.156000
33.189333
33.222667
33.256000
33.289333
33.322667
33.356000
33.389333
33.422667
33.456000
33.489333
33.522667
33.556000
33.589333
33.622667
33.656000
33.689333
33.722667
33.756000
33.789333
33.822667
33.856000
33.889333
33.922667
33.956000
33.989333
34.022667
34.056000
34.089333
34.122667
34.156000
34.189333
34.222667
34.256000
34.289333
34.322667
34.356000
34.389333
34.422667
34.456000
34.489333
34.522667
34.556000
34.589333,
34.622667
34.656000
34.689333
34.722667
34.756000
34.789333
34.822667
34.856000
34.889333
34.922667
34.956000
34.989333
35.022667
35.056000
35.089333
35.122667
35.156000
35.189333
35.222667
35.256000
35.289333
35.322667
35.356000
35.389333
35.422667
35.456000
35.489333
35.522667
35.556000
35.589333
35.622667
35.656000
35.689333
35.722667
35.756000
35.789333
35.822667
35.856000
35.889333
35.922667
35.956000
35.989333
36.022667
36.056000
36.089333
36.122667
36.156000
36.189333
36.222667
36.256000
36.289333
36.322667
36.356000
36.389333
36.422667
36.456000
36.489333
36.522667
36.556000,
36.589333
36.622667
36.656000
36.689333
36.722667
36.756000
36.789333
36.822667
36.856000
36.889333
36.922667
36.956000
36.989333
37.022667
37.056000
37.089333
37.122667
37.156000
37.189333
37.222667
37.256000
37.289333
37.322667
37.356000
37.389333
37.422667
37.456000
37.489333
37.522667
37.556000
37.589333
37.622667
37.656000
37.689333
37.722667
37.756000
37.789333
37.822667
37.856000
37.889333
37.922667
37.956000
37.989333
38.022667
38.056000
38.089333
38.122667
38.156000
38.203000,
38.236333
38.269667
38.303000
38.336333
38.369667
38.403000
38.436333
38.469667
38.503000
38.536333
38.569667
38.603000
38.636333
38.669667
38.703000
38.736333
38.769667
38.803000
38.836333
38.869667
38.903000
38.936333
38.969667
39.003000
39.036333
39.069667
39.103000
39.136333
39.169667
39.203000
39.236333
39.269667
39.303000
39.336333
39.369667
39.403000
39.436333
39.469667
39.503000
39.536333
39.569667
39.603000
39.636333
39.669667
39.703000
39.736333
39.769667
39.803000
39.836333
39.869667,
39.903000
39.936333
39.969667
40.003000
40.036333
40.069667
40.103000
40.136333
40.169667
40.203000
40.236333
40.269667
40.303000
40.336333
40.369667
40.403000
40.436333
40.469667,
40.503000
40.536333
40.569667
40.603000
40.636333
40.669667
40.703000
40.736333
40.769667
40.803000
40.836333
40.869667
40.903000
40.936333
40.969667
41.003000
41.036333
41.069667
41.103000
41.136333
41.169667
41.203000
41.236333
41.269667
41.303000
41.336333
41.369667
41.403000
41.436333
41.469667
41.503000
41.536333
41.569667
41.603000
41.636333
41.669667
41.703000
41.736333,
41.769667
41.803000
41.836333
41.869667
41.903000
41.936333
41.969667
42.003000
42.036333
42.069667
42.103000
42.136333
42.169667
42.203000
42.236333
42.269667
42.303000
42.336333
42.369667
42.403000
42.436333
42.469667
42.503000
42.536333
42.569667
42.603000
42.636333
42.669667
42.703000
42.736333
42.769667
42.803000
42.836333
42.869667
42.903000
42.936333
42.969667
43.003000
43.036333
43.069667
43.103000
43.136333
43.169667
43.203000
43.236333
43.269667
43.303000
43.336333
43.369667
43.403000
43.436333
43.469667
43.503000
43.536333
43.569667
43.603000,
43.636333
43.669667
43.703000
43.736333
43.769667
43.803000
43.836333
43.869667
43.903000
43.936333
43.969667
44.003000
44.036333
44.069667
44.103000
44.136333,
44.169667
44.203000
44.236333
44.269667
44.303000
44.336333
44.369667
44.403000
44.436333
44.469667
44.503000
44.536333
44.569667
44.603000
44.636333
44.669667
44.703000
44.736333
44.769667
44.803000
44.836333
44.869667
44.903000
44.936333
44.969667
45.003000
45.036333
45.069667
45.103000
45.136333
45.169667
45.203000
45.236333
45.269667
45.303000
45.336333
45.369667,
45.403000
45.436333
45.469667
45.503000
45.536333
45.569667
45.603000
45.636333
45.669667
45.703000
45.736333
45.769667
45.803000
45.836333
45.869667
45.903000
45.936333
45.969667
46.003000
46.036333
46.069667
46.103000
46.136333
46.169667
46.203000
46.236333
46.269667
46.303000
46.336333
46.369667
46.403000
46.436333
46.469667,
46.503000
46.536333
46.569667
46.603000
46.636333
46.669667
46.703000
46.736333
46.769667
46.803000
46.836333
46.869667
46.903000
46.936333
46.969667
47.003000
47.036333
47.069667
47.103000
47.136333
47.169667,
47.203000
47.236333
47.269667
47.303000
47.336333
47.369667
47.403000
47.436333
47.469667
47.503000
47.536333
47.569667
47.603000
47.636333
47.669667
47.703000
47.736333
47.769667
47.803000
47.836333
47.869667
47.903000
47.936333
47.969667
48.003000
48.036333
48.069667
48.103000
48.136333
48.169667
48.203000
48.236333
48.269667
48.303000
48.336333
48.369667
48.403000
48.436333
48.469667
48.503000
48.536333
48.569667
48.603000
48.636333
48.669667
48.703000
48.736333
48.769667
48.803000
48.836333
48.869667
48.903000
48.936333
48.969667
49.003000
49.036333
49.069667
49.103000
49.136333
49.169667
49.203000
49.236333
49.269667
49.303000
49.336333
49.369667
49.403000
49.436333
49.469667
49.503000
49.536333
49.569667
49.603000
49.636333
49.669667
49.703000
49.736333,
49.769667
49.803000
49.836333
49.869667
49.903000
49.936333
49.969667
50.003000
50.036333
50.069667
50.103000
50.136333
50.169667
50.203000
50.236333
50.269667
50.303000
50.336333
50.369667
50.403000
50.436333
50.469667
50.503000
50.536333
50.569667
50.603000
50.636333
50.669667
50.703000
50.736333
50.769667
50.803000
50.836333
50.869667
50.903000
50.936333
50.969667
51.003000
51.036333
51.069667
51.103000,
51.136333
51.169667
51.203000
51.236333
51.269667
51.303000
51.336333
51.369667
51.403000
51.436333
51.469667
51.503000
51.536333
51.569667
51.603000
51.636333
51.669667
51.703000
51.736333
51.769667
51.803000
51.836333
51.869667
51.903000
51.936333
51.969667
52.003000
52.036333
52.069667,
52.103000
52.136333
52.169667
52.203000
52.236333
52.269667
52.303000
52.336333
52.369667
52.403000
52.436333
52.469667
52.503000
52.536333
52.569667
52.603000
52.636333
52.669667
52.703000
52.736333
52.769667
52.803000
52.836333
52.869667
52.903000
52.936333
52.969667
53.003000
53.036333
53.069667
53.103000
53.136333
53.169667
53.203000
53.236333
53.269667
53.303000
53.336333
53.369667
53.403000
53.436333
53.469667
53.503000
53.536333,
53.569667
53.603000
53.636333
53.669667
53.703000
53.736333
53.769667
53.803000
53.836333
53.869667
53.903000
53.936333
53.969667
54.003000
54.036333
54.069667
54.103000
54.136333
54.169667
54.203000
54.236333
54.269667
54.303000
54.336333
54.369667
54.403000
54.436333
54.469667
54.503000
54.536333
54.569667
54.603000
54.636333
54.669667
54.703000
54.736333,
54.769667
54.803000
54.836333
54.869667
54.903000
54.936333
54.969667
55.003000
55.036333
55.069667
55.103000
55.136333
55.169667
55.203000
55.236333
55.269667
55.303000
55.336333
55.369667
55.403000
55.436333
55.469667
55.503000
55.536333
55.569667
55.603000
55.636333
55.669667
55.703000
55.736333
55.769667
55.803000
55.836333
55.869667,
55.903000
55.936333
55.969667
56.003000
56.036333
56.069667
56.103000
56.136333
56.169667
56.203000
56.236333
56.269667
56.303000
56.336333
56.369667
56.403000
56.436333
56.469667
56.503000
56.536333
56.569667
56.603000
56.636333
56.669667
56.703000
56.736333
56.769667
56.803000
56.836333
56.869667
56.903000
56.936333
56.969667
57.003000
57.036333
57.069667
57.103000
57.136333
57.169667
57.203000
57.236333
57.269667
57.303000
57.336333
57.369667
57.403000
57.436333
57.469667
57.502667,
57.536000
57.569333
57.602667
57.636000
57.669333
57.702667
57.736000
57.769333
57.802667
57.836000
57.869333
57.902667
57.936000
57.969333
58.002667
58.036000
58.069333
58.102667
58.136000
58.169333
58.202667
58.236000
58.269333
58.302667
58.336000
58.369333
58.402667
58.436000
58.469333
58.502667
58.536000
58.569333,
58.602667
58.636000
58.669333
58.702667
58.736000
58.769333
58.802667
58.836000
58.869333
58.902667
58.936000
58.969333
59.002667
59.036000
59.069333
59.102667
59.136000
59.169333
59.202667
59.236000
59.269333,
59.302667
59.336000
59.369333
59.402667
59.436000
59.469333
59.502667
59.536000
59.569333
59.602667
59.636000
59.669333
59.702667
59.736000
59.769333
59.802667
59.836000
59.869333
59.902667
59.936000
59.969333
60.002667
60.036000
60.069333
60.102667
60.136000
60.169333
60.202667
60.236000
60.269333
60.302667,
60.336000
60.369333
60.402667
60.436000
60.469333
60.502667
60.536000
60.569333
60.602667
60.636000
60.669333
60.702667
60.736000
60.769333
60.802667
60.836000
60.869333
60.902667
60.936000
60.969333
61.002667
61.036000
61.069333
61.102667
61.136000
61.169333
61.202667
61.236000
61.269333
61.302667
61.336000
61.369333
61.402667
61.436000
61.469333,
61.502667
61.536000
61.569333
61.602667
61.636000
61.669333
61.702667
61.736000
61.769333
61.802667
61.836000
61.869333
61.902667
61.936000
61.969333
62.002667
62.036000
62.069333
62.102667
62.136000
62.169333
62.202667
62.236000
62.269333
62.302667
62.336000
62.369333,
62.402667
62.436000
62.469333
62.502667
62.536000
62.569333
62.602667
62.636000
62.669333
62.702667
62.736000
62.769333
62.802667
62.836000
62.869333
62.902667
62.936000
62.969333
63.002667
63.036000
63.069333
63.102667
63.136000
63.169333
63.202667
63.236000
63.269333
63.302667
63.336000
63.369333
63.402667
63.436000
63.469333
63.502667
63.536000
63.569333
63.602667
63.636000
63.669333
63.702667
63.736000
63.769333
63.802667
63.836000
63.869333
63.902667
63.936000
63.969333
64.002667
64.036000
64.069333
64.102333,
64.135667
64.169000
64.202333
64.235667
64.269000
64.302333
64.335667
64.369000
64.402333
64.435667
64.469000
64.502333
64.535667
64.569000
64.602333
64.635667
64.669000
64.702333
64.735667
64.769000
64.802333
64.835667
64.869000
64.902333,
64.935667
64.969000
65.002333
65.035667
65.069000
65.102333
65.135667
65.169000
65.202333
65.235667
65.269000
65.302333
65.335667
65.369000
65.402333
65.435667
65.469000
65.502333
65.535667
65.569000
65.602333
65.635667
65.669000
65.702333
65.735667
65.769000
65.802333
65.835667
65.869000
65.902333
65.935667
65.969000
66.002333,
66.035667
66.069000
66.102333
66.135667
66.169000
66.202333
66.235667
66.269000
66.302333
66.335667
66.369000
66.402333
66.435667
66.469000
66.502333
66.535667
66.569000
66.602333
66.635667
66.669000
66.702333
66.735667
66.768333,
66.801667
66.835000
66.868333
66.901667
66.935000
66.968333
67.001667
67.035000
67.068333
67.101667
67.135000
67.168333
67.201667
67.235000
67.268333
67.301667
67.335000
67.368333
67.401667
67.435000
67.468333
67.501667
67.535000
67.568333
67.601667
67.635000
67.668333
67.701667
67.735000
67.768333
67.801667
67.835000
67.868333
67.901667,
67.935000
67.968333
68.001667
68.035000
68.068333
68.101667
68.135000
68.168333
68.201667
68.235000
68.268333
68.301667
68.335000
68.368333
68.401667
68.435000
68.468333
68.501667
68.535000
68.568333
68.601667
68.635000
68.668333
68.701667
68.735000
68.768333
68.801667
68.835000
68.868333
68.901667
68.935000
68.968333
69.001667,
69.035000
69.068333
69.101667
69.135000
69.168333
69.201667
69.235000
69.268333
69.301667
69.335000
69.368333
69.401667
69.435000
69.468333
69.501667
69.535000
69.568333
69.601667
69.635000
69.668333
69.701667
69.735000
69.768333
69.801667
69.835000
69.867667,
69.901000
69.934333
69.967667
70.001000
70.034333
70.067667
70.101000
70.134333
70.167667
70.201000
70.234333
70.267667
70.301000
70.334333
70.367667
70.401000
70.434333
70.467667
70.501000
70.534333
70.567667
70.601000
70.634333
70.667667
70.701000
70.734333
70.767667
70.801000
70.834333,
70.867667
70.901000
70.934333
70.967667
71.001000
71.034333
71.067667
71.101000
71.134333
71.167667
71.201000
71.234333
71.267667
71.301000
71.334333
71.367667
71.401000
71.434333
71.467667
71.501000
71.534333
71.567667
71.601000
71.634333
71.667667
71.701000
71.734333
71.767667
71.801000
71.834333
71.867667
71.901000
71.934333
71.967667
72.001000
72.034333
72.067667
72.101000
72.134333
72.167667
72.201000
72.234333
72.267667
72.301000
72.334333
72.367667
72.401000
72.434333
72.467667
72.501000
72.534333
72.567667,
72.601000
72.634333
72.667667
72.701000
72.734333
72.767667
72.801000
72.834333
72.867667
72.901000
72.934333
72.967667
73.001000
73.034333
73.067667
73.101000
73.134333
73.167667
73.201000
73.234333
73.267667
73.301000
73.334333
73.367667
73.401000
73.434333
73.467667
73.501000
73.534333
73.567667
73.601000
73.634333
73.667667
73.701000
73.734333
73.767667
73.801000
73.834333
73.867667
73.901000
73.934333
73.967667
74.001000
74.034333
74.067667
74.101000
74.134333
74.167667
74.201000
74.234333
74.267667
74.301000
74.334333
74.367667
74.401000
74.434333
74.468667,
74.502000
74.535333
74.568667
74.602000
74.635333
74.668667
74.702000
74.735333
74.768667
74.802000
74.835333
74.868667
74.902000
74.935333
74.968667
75.002000
75.035333
75.068667
75.102000
75.135333
75.168667
75.202000
75.235333
75.268667
75.302000
75.335333
75.368667
75.402000
75.435333
75.468667
75.502000
75.535333
75.568667
75.602000
75.635333
75.668667
75.702000
75.735333
75.768667
75.802000
75.835333
75.868667
75.902000
75.935333
75.968667
76.002000
76.035333
76.068667
76.102000
76.135333
76.168667
76.202000
76.235333
76.268667
76.302000
76.335333
76.368667
76.402000
76.435333
76.469667,
76.503000
76.536333
76.569667
76.603000
76.636333
76.669667
76.703000
76.736333
76.769667
76.803000
76.836333
76.869667
76.903000
76.936333
76.969667
77.003000
77.036333
77.069667
77.103000
77.136333
77.169667
77.203000
77.236333
77.269667
77.303000
77.336333
77.369667
77.403000
77.436333
77.469667
77.503000
77.536333
77.569667
77.603000
77.636333
77.669667
77.703000
77.736333
77.769667
77.803000
77.836333
77.869667
77.903000
77.936333
77.969667
78.003000
78.036333
78.069667,
78.103000
78.136333
78.169667
78.203000
78.236333
78.269667
78.303000
78.336333
78.369667
78.403000
78.436333
78.469667
78.503000
78.536333
78.569667
78.603000
78.636333
78.669667
78.703000
78.736333
78.769667
78.803000
78.836333
78.870667,
78.904000
78.937333
78.970667
79.004000
79.037333
79.070667
79.104000
79.137333
79.170667
79.204000
79.237333
79.270667
79.304000
79.337333
79.370667
79.404000
79.437333
79.470667
79.504000
79.537333
79.570667
79.604000
79.637333
79.670667
79.704000
79.737333
79.770667
79.804000
79.837333
79.870667
79.904000
79.937333
79.970667
80.004000,
80.037333
80.070667
80.104000
80.137333
80.170667
80.204000
80.237333
80.270667
80.304000
80.337333
80.370667
80.404000
80.437333
80.470667
80.504000
80.537333
80.570667
80.604000
80.637333
80.670667
80.704000
80.737333
80.770667
80.804000
80.837333
80.870667
80.904000
80.937333
80.970667
81.004000
81.037333
81.070667
81.104000
81.137333
81.170667
81.204000
81.237333
81.270667
81.304000
81.337333
81.370667
81.404000
81.437333,
81.470667
81.504000
81.537333
81.570667
81.604000
81.637333
81.670667
81.704000
81.737333
81.770667
81.804000
81.837333
81.870667
81.904000
81.937333
81.970667
82.004000
82.037333
82.070667
82.104000
82.137333
82.170667
82.204000
82.237333
82.270667
82.304000
82.337333
82.370667
82.404000
82.437333
82.470667
82.504000
82.537333
82.570667
82.604000
82.637333,
82.670667
82.704000
82.737333
82.770667
82.804000
82.837333
82.870667
82.904000
82.937333
82.970667
83.004000
83.037333
83.070667
83.104000
83.137333
83.170667
83.204000
83.237333
83.270667
83.304000
83.337333
83.370667
83.404000
83.437333
83.470667
83.504000
83.537333
83.570667
83.604000
83.637333
83.670667
83.704000
83.737333
83.770667
83.804000
83.837333,
83.870667
83.904000
83.937333
83.970667
84.004000
84.037333
84.070667
84.104000
84.137333
84.170667
84.204000
84.237333
84.270667
84.304000
84.337333
84.370667
84.404000
84.437333
84.470667
84.504000
84.537333
84.570667
84.604000
84.637333
84.670667
84.704000
84.737333
84.770667
84.804000
84.837333
84.870667
84.904000
84.937333
84.970667
85.004000
85.037333
85.070667
85.104000
85.137333,
85.170667
85.204000
85.237333
85.270667
85.304000
85.337333
85.370667
85.404000
85.437333
85.470667
85.504000
85.537333
85.570667
85.604000
85.637333
85.670667
85.704000
85.737333
85.770667
85.804000
85.837333
85.870667
85.904000
85.937333
85.970667
86.004000
86.037333,
86.070667
86.104000
86.137333
86.170667
86.204000
86.237333
86.270667
86.304000
86.337333
86.370667
86.404000
86.437333
86.470667
86.504000
86.537333
86.570667
86.604000
86.637333
86.670667
86.704000
86.737333
86.770667
86.804000
86.837333
86.870667
86.904000
86.937333
86.970667
87.004000
87.037333
87.070667,
87.104000
87.137333
87.170667
87.204000
87.237333
87.270667
87.304000
87.337333
87.370667
87.404000
87.437333
87.470667
87.504000
87.537333
87.570667
87.604000
87.637333
87.670667
87.704000
87.737333
87.770667
87.804000
87.837333
87.870667
87.904000
87.937333
87.970667
88.004000
88.037333
88.070667
88.104000
88.137333
88.170667
88.204000
88.237333
88.270667
88.304000
88.337333
88.370667
88.404000
88.437333,
88.470667
88.504000
88.537333
88.570667
88.604000
88.637333
88.670667
88.704000
88.737333
88.770667
88.804000
88.837333
88.870667
88.904000
88.937333
88.970667
89.004000
89.037333
89.070667
89.104000
89.137333
89.170667
89.204000
89.237333
89.270667
89.304000
89.337333
89.370667
89.404000
89.437333
89.470667
89.504000
89.537333
89.570667
89.604000
89.637333
89.670667
89.704000
89.737333
89.770667
89.804000
89.837333
89.870667
89.904000
89.937333
89.970667
90.004000
90.037333
90.070667
90.104000
90.137333,
90.170667
90.204000
90.237333
90.270667
90.304000
90.337333
90.370667
90.404000
90.437333
90.470667
90.504000
90.537333
90.570667
90.604000
90.637333
90.670667
90.704000
90.737333
90.770667
90.804000
90.837333
90.870667
90.904000
90.937333
90.970667
91.004000
91.037333
91.070667
91.104000
91.137333
91.170667
91.204000
91.237333
91.270667
91.304000
91.337333
91.370667
91.404000
91.437333
91.470667
91.504000
91.537333
91.570667
91.604000,
91.637333
91.670667
91.704000
91.737333
91.770667
91.804000
91.837333
91.870667
91.904000
91.937333
91.970667
92.004000
92.037333
92.070667
92.104000
92.137333
92.170667
92.204000
92.237333
92.270667
92.304000
92.337333
92.370667
92.404000
92.437333
92.470667
92.504000
92.537333
92.570667
92.604000
92.637333
92.670667
92.704000
92.737333
92.770667
92.804000
92.837333
92.870667
92.904000,
92.937333
92.970667
93.004000
93.037333
93.070667
93.104000
93.137333
93.170667
93.204000
93.237333
93.270667
93.304000
93.337333
93.370667
93.404000
93.437333
93.470667
93.504000
93.537333
93.570667
93.604000
93.637333
93.670667
93.704000
93.737333
93.770667
93.804000
93.837333
93.870667
93.904000
93.937333
93.970667
94.004000
94.037333
94.070667
94.104000
94.137333
94.170667
94.204000
94.237333
94.270667
94.304000
94.337333
94.370667
94.404000
94.437333
94.470667
94.504000
94.537333
94.570667,
94.604000
94.637333
94.670667
94.704000
94.737333
94.770667
94.804000
94.837333
94.870667
94.904000
94.937333
94.970667
95.004000
95.037333
95.070667,
95.104000
95.137333
95.170667
95.204000
95.237333
95.270667
95.304000
95.337333
95.370667
95.404000
95.437333
95.470667
95.504000
95.537333
95.570667
95.604000
95.637333
95.670667
95.704000
95.737333
95.770667
95.804000
95.837333
95.870667
95.904000,
95.937333
95.970667
96.004000
96.037333
96.070667
96.104000
96.137333
96.170667
96.204000
96.237333
96.270667
96.304000
96.337333
96.370667
96.404000
96.437333
96.470667
96.504000
96.537333
96.570667
96.604000
96.637333
96.670667
96.704000
96.737333
96.770667
96.804000
96.837333
96.870667
96.904000
96.937333
96.970667
97.004000
97.037333
97.070667
97.104000
97.137333
97.170667
97.204000
97.237333
97.270667
97.304000
97.337333
97.370667
97.404000
97.437333
97.470667
97.504000
97.537333
97.570667
97.604000
97.637333
97.670667
97.704000
97.737333
97.770667
97.804000,
97.837333
97.870667
97.904000
97.937333
97.970667
98.004000
98.037333
98.070667
98.104000
98.137333
98.170667
98.204000
98.237333
98.270667
98.304000
98.337333
98.370667
98.404000
98.437333
98.470667,
98.504000
98.537333
98.570667
98.604000
98.637333
98.670667
98.704000
98.737333
98.770667
98.804000
98.837333
98.870667
98.904000
98.937333
98.970667
99.004000
99.037333
99.070667
99.104000
99.137333
99.170667
99.204000
99.237333
99.270667
99.304000
99.337333
99.370667
99.404000
99.437333
99.470667
99.504000
99.537333
99.570667
99.604000
99.637333
99.670667
99.704000
99.737333
99.770667
99.804000
99.837333
99.870667
99.904000
99.937333
99.970667
100.004000
100.037333
100.070667
100.104000
100.137333
100.170667
100.204000
100.237333
100.270667
100.304000
100.337333
100.370667
100.404000
100.437333
100.470667
100.504000
100.537333
100.570667
100.604000
100.637333
100.670667
100.704000
100.737333
100.770667
100.804000
100.837333
100.870667
100.904000,
100.937333
100.970667
101.004000
101.037333
101.070667
101.104000
101.137333
101.170667
101.204000
101.237333
101.270667
101.304000
101.337333
101.370667
101.404000
101.437333
101.470667
101.504000
101.537333
101.570667
101.604000
101.637333
101.670667
101.704000
101.737333
101.770667
101.804000
101.837333
101.870667
101.904000
101.937333
101.970667
102.004000
102.037333
102.070667
102.104000
102.137333
102.185000,
102.218333
102.251667
102.285000
102.318333
102.351667
102.385000
102.418333
102.451667
102.485000
102.518333
102.551667
102.585000
102.618333
102.651667
102.685000
102.718333
102.751667
102.785000
102.818333
102.851667
102.885000
102.918333
102.951667
102.985000
103.018333
103.051667
103.085000
103.118333
103.151667
103.185000
103.218333
103.251667
103.285000
103.318333
103.351667,
103.385000
103.418333
103.451667
103.485000
103.518333
103.551667
103.585000
103.618333
103.651667
103.685000
103.718333
103.751667
103.785000
103.818333
103.851667
103.885000
103.918333
103.951667
103.985000
104.018333
104.051667
104.085000
104.118333
104.151667
104.185000
104.218333,
104.251667
104.285000
104.318333
104.351667
104.385000
104.418333
104.451667
104.485000
104.518333
104.551667
104.585000
104.618333
104.651667
104.685000
104.718333
104.751667
104.785000,
104.818333
104.851667
104.885000
104.918333
104.951667
104.985000
105.018333
105.051667
105.085000
105.118333
105.151667
105.185000
105.218333
105.251667
105.285000
105.318333
105.351667
105.385000
105.418333
105.451667
105.485000
105.518333
105.551667
105.585000
105.618333
105.651667
105.685000
105.718333
105.751667
105.785000
105.818333
105.851667
105.885000
105.918333
105.951667
105.985000
106.018333
106.051667
106.085000
106.118333
106.151667
106.185000,
106.218333
106.251667
106.285000
106.318333
106.351667
106.385000
106.418333
106.451667
106.485000
106.518333
106.551667
106.585000
106.618333
106.651667
106.685000
106.718333
106.751667
106.785000
106.818333
106.851667
106.885000
106.918333
106.951667
106.985000
107.018333
107.051667
107.085000
107.118333
107.151667
107.185000
107.218333
107.251667
107.285000
107.318333
107.351667
107.385000
107.418333
107.451667
107.485000
107.518333
107.551667
107.585000
107.618333
107.651667
107.685000
107.718333
107.751667
107.785000
107.818333
107.851667
107.885000
107.918333
107.951667,
107.985000
108.018333
108.051667
108.085000
108.118333
108.151667
108.185000
108.218333
108.251667
108.285000
108.318333
108.351667
108.385000
108.418333
108.451667
108.485000
108.518333
108.551667
108.585000
108.618333
108.651667
108.685000
108.718333
108.751667
108.785000
108.818333
108.851667
108.885000
108.918333
108.951667
108.985000
109.018333
109.051667
109.085000
109.118333
109.151667
109.185000
109.218333
109.251667
109.285000
109.318333
109.351667
109.385000
109.418333
109.451667
109.485000
109.518333
109.551667
109.585000
109.618333
109.651667
109.685000
109.718333,
109.751667
109.785000
109.818333
109.851667
109.885000
109.918333
109.951667
109.985000
110.018333
110.051667
110.085000
110.118333
110.151667
110.185000
110.218333
110.251667
110.285000
110.318333
110.351667
110.385000
110.418333
110.451667
110.485000
110.518333
110.551667
110.585000
110.618333
110.651667
110.685000
110.718333
110.751667
110.785000
110.818333
110.851667
110.885000
110.918333
110.951667
110.985000
111.018333
111.051667
111.085000
111.118333,
111.151667
111.185000
111.218333
111.251667
111.285000
111.318333
111.351667
111.385000
111.418333
111.451667
111.485000
111.518333
111.551667
111.585000
111.618333
111.651667
111.685000
111.718333
111.751667
111.785000
111.818333
111.851667
111.885000
111.918333
111.951667
111.985000
112.018333
112.051667
112.085000
112.118333
112.151667
112.185000
112.218333
112.251667
112.285000
112.318333
112.351667
112.385000
112.418333
112.451667
112.485000
112.518333
112.551667
112.585000
112.618333
112.651667
112.685000
112.718333
112.751667
112.785000
112.818333
112.851667
112.885000
112.918333
112.951667
112.985000
113.018333
113.051667
113.085000
113.118333
113.152333,
113.185667
113.219000
113.252333
113.285667
113.319000
113.352333
113.385667
113.419000
113.452333
113.485667
113.519000
113.552333
113.585667
113.619000
113.652333
113.685667
113.719000
113.752333,
113.785667
113.819000
113.852333
113.885667
113.919000
113.952333
113.985667
114.019000
114.052333
114.085667
114.119000
114.152333
114.185667
114.219000
114.252333
114.285667
114.319000
114.352333
114.385667
114.419000
114.452333
114.485667
114.519000
114.552333
114.585667
114.619000
114.652333
114.685667
114.719000
114.752333
114.785667
114.819000
114.852333
114.885667
114.919000
114.952333
114.985667
115.019000
115.052333
115.085667
115.119000
115.152333
115.185667
115.219000
115.252333
115.285667
115.319000
115.352333
115.385667
115.419000
115.452333
115.485667
115.519000
115.552333
115.585667
115.619000
115.652333
115.685667
115.719000
115.752333
115.785667
115.819000
115.852333
115.885667
115.919000
115.952333
115.985667,
116.019000
116.052333
116.085667
116.119000
116.152333
116.185667
116.219000
116.252333
116.285667
116.319000
116.352333
116.385667
116.419000
116.452333
116.485667
116.519000
116.552333
116.585667
116.619000
116.652333
116.685667
116.719000
116.752333
116.785667
116.819000
116.852333
116.885667
116.919000,
116.952333
116.985667
117.019000
117.052333
117.085667
117.119000
117.152333
117.185667
117.219000
117.252333
117.285667
117.319000
117.352333
117.385667
117.419000
117.452333
117.485667
117.519000
117.552333
117.585667
117.619000
117.652333
117.685667
117.719000
117.752333
117.785667
117.819000
117.852333
117.885667
117.919000
117.952333
117.985667
118.019000
118.052333
118.085667
118.120000,
118.153333
118.186667
118.220000
118.253333
118.286667
118.320000
118.353333
118.386667
118.420000
118.453333
118.486667
118.520000
118.553333
118.586667
118.620000
118.653333
118.686667
118.720000
118.753333
118.786667
118.820000
118.853333
118.886667
118.920000
118.953333
118.986667
119.020000
119.053333
119.086667
119.120000
119.153333
119.186667
119.220000
119.253333
119.286667
119.320000
119.353333
119.386667
119.420000
119.453333
119.486667
119.520000
119.553333
119.586667
119.620000,
119.653333
119.686667
119.720000
119.753333
119.786667
119.820000
119.853333
119.886667
119.920000
119.953333
119.986667
120.020000
120.053333
120.086667
120.120000
120.153333
120.186667
120.220000
120.253333
120.286667
120.320000
120.353333
120.386667
120.420000
120.453333
120.486667
120.520000
120.553333
120.586667
120.620000
120.653333
120.686667
120.720000
120.753333
120.786667
120.820000
120.853333
120.886667
120.920000,
120.953333
120.986667
121.020000
121.053333
121.086667
121.120000
121.153333
121.186667
121.220000
121.253333
121.286667
121.320000
121.353333
121.386667
121.420000
121.453333
121.486667
121.520000
121.553333
121.586667
121.620000
121.653333
121.686667
121.720000
121.753333
121.786667
121.820000
121.853333
121.886667
121.920000
121.953333
121.986667
122.020000
122.053333
122.086667
122.120000
122.153333
122.186667
122.220000
122.253333
122.286667
122.320000
122.353333
122.386667
122.420000
122.453333
122.486667
122.520000
122.553333
122.586667
122.620000
122.653333
122.686000,
122.719333
122.752667
122.786000
122.819333
122.852667
122.886000
122.919333
122.952667
122.986000
123.019333
123.052667
123.086000
123.119333
123.152667
123.186000
123.219333
123.252667
123.286000
123.319333
123.352667
123.386000
123.419333
123.452667
123.486000
123.519333
123.552667
123.586000
123.619333
123.652667
123.686000
123.719333
123.752667
123.786000
123.819333
123.852667
123.886000,
123.919333
123.952667
123.986000
124.019333
124.052667
124.086000
124.119333
124.152667
124.186000
124.219333
124.252667
124.286000
124.319333
124.352667
124.386000
124.419333
124.452667
124.486000
124.519333
124.552667
124.586000
124.619333
124.652667
124.686000
124.719333
124.752667
124.786000
124.819333
124.852667
124.886000
124.919333
124.952667
124.986000,
125.019333
125.052667
125.086000
125.119333
125.152667
125.186000
125.219333
125.252667
125.286000
125.319333
125.352667
125.386000
125.419333
125.452667
125.486000
125.519333
125.552667
125.586000
125.619333
125.652667
125.686000
125.719333
125.752667
125.786000
125.819333
125.852667
125.886000
125.919333
125.952667
125.986000
126.019333
126.052667
126.086000
126.119333
126.152667
126.186000
126.219333
126.252667
126.286000
126.319333
126.352667
126.386000
126.419000,
126.452333
126.485667
126.519000
126.552333
126.585667
126.619000
126.652333
126.685667
126.719000
126.752333
126.785667
126.819000
126.852333
126.885667
126.919000
126.952333
126.985667
127.019000
127.052333
127.085667
127.119000
127.152333
127.185000,
127.218333
127.251667
127.285000
127.318333
127.351667
127.385000
127.418333
127.451667
127.485000
127.518333
127.551667
127.585000
127.618333
127.651667
127.685000
127.718333
127.751667
127.785000
127.818333
127.851667
127.885000
127.918333
127.951667
127.985000
128.018333
128.051667
128.085000
128.118333
128.151667
128.186000,
128.219333
128.252667
128.286000
128.319333
128.352667
128.386000
128.419333
128.452667
128.486000
128.519333
128.552667
128.586000
128.619333
128.652667
128.686000
128.719333
128.752667
128.786000
128.819333
128.852667
128.886000
128.919333
128.952667
128.986000
129.019333
129.052667
129.086000
129.119333
129.152000,
129.185333
129.218667
129.252000
129.285333
129.318667
129.352000
129.385333
129.418667
129.452000
129.485333
129.518667
129.552000
129.585333
129.618667
129.652000
129.685333
129.718667
129.752000
129.785333
129.818667
129.852000
129.885333
129.918667
129.952000
129.985333
130.018667
130.052000
130.085333
130.118667
130.152000
130.185333
130.218667
130.252000
130.285333
130.318667
130.352000
130.385333
130.418667
130.452000
130.485333
130.518667
130.552000
130.585333
130.618667
130.652000
130.685333
130.718667
130.752000,
130.785333
130.818667
130.852000
130.885333
130.918667
130.952000
130.985333
131.018667
131.052000
131.085333
131.118667
131.152000
131.185333
131.218667
131.252000
131.285333
131.318667
131.352000
131.385333
131.418667
131.452000
131.485333
131.518667
131.552000
131.585333
131.618667
131.652000,
131.685333
131.718667
131.752000
131.785333
131.818667
131.852000
131.885333
131.918667
131.952000
131.985333
132.018667
132.052000
132.085333
132.118667
132.152000
132.185333
132.218667
132.252000
132.285333
132.318667
132.352000
132.385333
132.418667
132.452000
132.485333
132.518667
132.552000
132.585333
132.618667
132.652000
132.685333
132.718667
132.752000
132.785333
132.818667
132.852000
132.885333
132.918667
132.952000
132.985333
133.018667
133.052000
133.085333
133.118667
133.152000,
133.185333
133.218667
133.252000
133.285333
133.318667
133.352000
133.385333
133.418667
133.452000
133.485333
133.518667
133.552000
133.585333
133.618667
133.652000
133.685333
133.718667
133.752000
133.785333
133.818667
133.852000
133.885333
133.918667
133.952000
133.985333
134.018667
134.052000
134.085333
134.118667
134.152000
134.185333
134.218667
134.252000
134.285333
134.318667
134.352000
134.385000,
134.418333
134.451667
134.485000
134.518333
134.551667
134.585000
134.618333
134.651667
134.685000
134.718333
134.751667
134.785000
134.818333
134.851667
134.885000
134.918333
134.951667
134.985000
135.018333
135.051667
135.085000
135.118333
135.151667
135.185000
135.218333
135.251667
135.285000
135.318333
135.351667
135.385000
135.418333
135.451667
135.485000
135.518333
135.551667
135.585000
135.618333
135.651667,
135.685000
135.718333
135.751667
135.785000
135.818333
135.851667
135.885000
135.918333
135.951667
135.985000
136.018333
136.051667
136.085000
136.118333
136.151667
136.185000
136.218333
136.251667
136.285000
136.318333
136.351667
136.385000
136.418333
136.451667
136.485000
136.518333
136.551667
136.585000
136.618333
136.651667
136.685000
136.718333
136.751667
136.785000
136.818333
136.851667
136.885000
136.918333
136.951667
136.985000,
137.018333
137.051667
137.085000
137.118333
137.151667
137.185000
137.218333
137.251667
137.285000
137.318333
137.351667
137.385000
137.418333
137.451667
137.485000
137.518333
137.551667
137.585000
137.618333
137.651667
137.685000
137.718333
137.751667
137.785000
137.818333
137.851667
137.885000
137.918333
137.951667,
137.985000
138.018333
138.051667
138.085000
138.118333
138.151667
138.185000
138.218333
138.251667
138.285000
138.318333
138.351667
138.385000
138.418333
138.451667
138.485000
138.518333
138.551667
138.585000
138.618333
138.651667
138.685000
138.718333
138.751667
138.785000
138.818333
138.851667
138.885000
138.918333
138.951667
138.984667,
139.018000
139.051333
139.084667
139.118000
139.151333
139.184667
139.218000
139.251333
139.284667
139.318000
139.351333
139.384667
139.418000
139.451333
139.484667
139.518000
139.551333
139.584667
139.618000
139.651333
139.684667
139.718000
139.751333,
139.784667
139.818000
139.851333
139.884667
139.918000
139.951333
139.984667
140.018000
140.051333
140.084667
140.118000
140.151333
140.184667
140.218000
140.251333
140.284667
140.318000
140.351333
140.384667
140.418000
140.451333
140.484667
140.518000
140.551333
140.584667
140.618000
140.651333
140.684667
140.718000
140.751333
140.784667
140.818000
140.851333
140.884667
140.918000
140.951333
140.984667
141.018000
141.051333
141.084667
141.118000
141.151333
141.184667
141.218000
141.251333
141.284667
141.318000
141.351333
141.384667
141.418000
141.451333
141.484667
141.518000
141.551333
141.584667
141.618000
141.651333
141.684667
141.718000
141.751333
141.784667
141.818000
141.851333
141.884667
141.918000
141.951333
141.984667
142.018000
142.051333
142.084667
142.118000
142.151333
142.184667
142.218000
142.251333
142.284667
142.318000
142.351333
142.384667
142.418000
142.451333
142.484667
142.518000
142.551333
142.584667
142.618000
142.651333
142.684667
142.718000
142.751333
142.784667
142.818000
142.851333
142.884667
142.918000
142.951333
142.984667
143.018000
143.051333
143.084667
143.118000
143.151333
143.184667
143.218000
143.251333
143.284667
143.318000
143.351333
143.384667
143.418000
143.451333
143.484667
143.518000
143.551333
143.584667
143.618000
143.651333
143.684667
143.718000
143.751333
143.784667
143.818000
143.851333
143.884667
143.918000
143.951333
143.984667
144.018000
144.051333
144.084667
144.118000
144.151333
144.184667
144.218000
144.251333
144.284667
144.318000
144.351333
144.384667
144.418000
144.451333
144.484667
144.518000
144.551333
144.584667
144.618000
144.651333
144.684667
144.718000
144.751333,
144.784667
144.818000
144.851333
144.884667
144.918000
144.951333
144.984667
145.018000
145.051333
145.084667
145.118000
145.151333
145.184667
145.218000
145.251333
145.284667
145.318000
145.351333
145.384667
145.418000
145.451333
145.484667
145.518000
145.551333
145.584667
145.618000,
145.651333
145.684667
145.718000
145.751333
145.784667
145.818000
145.851333
145.884667
145.918000
145.951333
145.984667
146.018000
146.051333
146.084667
146.118000
146.151333
146.184667
146.218000
146.251333
146.284667
146.318000
146.351333
146.384667
146.418000
146.451333
146.484667
146.518000
146.551333
146.584667
146.618000,
146.651333
146.684667
146.718000
146.751333
146.784667
146.818000
146.851333
146.884667
146.918000
146.951333
146.984667
147.018000
147.051333
147.084667
147.118000
147.151333
147.184667
147.218000
147.251333
147.284667
147.318000
147.351333
147.384667
147.418000
147.451333
147.484667
147.518000
147.551333
147.584667
147.618000
147.651333
147.684667
147.718000
147.751333
147.784667
147.818000
147.851333
147.884667
147.918000
147.951333
147.984667
148.018000
148.051333,
148.084667
148.118000
148.151333
148.184667
148.218000
148.251333
148.284667
148.318000
148.351333
148.384667
148.418000
148.451333
148.484667
148.518000
148.551333
148.584667
148.618000
148.651333
148.684667
148.718000
148.751333
148.784667
148.818000
148.851333
148.884667
148.918000
148.951333
148.984667
149.018000
149.051333
149.084667
149.118000
149.151333
149.184667
149.218000
149.251333
149.284667
149.318000
149.351333
149.384667
149.418000
149.451333
149.484667
149.518000
149.551333
149.584667
149.618000
149.651333
149.684667
149.718000
149.751333
149.784667
149.818000
149.851333
149.884667
149.918000
149.951333,
149.984667
150.018000
150.051333
150.084667
150.118000
150.151333
150.184667
150.218000
150.251333
150.284667
150.318000
150.351333
150.384667
150.418000
150.451333
150.484667
150.518000
150.551333
150.584667
150.618000
150.651333
150.684667
150.718000
150.751333
150.784667
150.818000
150.851333
150.884667
150.918000
150.951333
150.984667
151.018000
151.051333
151.084667,
151.118000
151.151333
151.184667
151.218000
151.251333
151.284667
151.318000
151.351333
151.384667
151.418000
151.451333
151.484667
151.518000
151.551333
151.584667
151.618000
151.651333
151.684667
151.718000
151.751333
151.784667
151.818000
151.851333
151.884667
151.918000
151.951333
151.984667,
152.018000
152.051333
152.084667
152.118000
152.151333
152.184667
152.218000
152.251333
152.284667
152.318000
152.351333
152.384667
152.418000
152.451333
152.484667
152.518000
152.551333
152.584667
152.618000
152.651333
152.684667
152.718000
152.751333
152.784667
152.818000
152.851333
152.884667
152.918000
152.951333
152.985667,
153.019000
153.052333
153.085667
153.119000
153.152333
153.185667
153.219000
153.252333
153.285667
153.319000
153.352333
153.385667
153.419000
153.452333
153.485667
153.519000
153.552333
153.585667
153.619000
153.652333
153.685667
153.719000
153.752333
153.785667
153.819000
153.852333
153.885667
153.919000
153.952333
153.985667
154.019000
154.052333
154.085667,
154.119000
154.152333
154.185667
154.219000
154.252333
154.285667
154.319000
154.352333
154.385667
154.419000
154.452333
154.485667
154.519000
154.552333
154.585667
154.619000
154.652333
154.685667
154.719000
154.752333
154.785667
154.819000
154.852333
154.885667
154.919000
154.952333
154.985667
155.019000
155.052333
155.085667
155.119000
155.152333
155.185667
155.219000
155.252333
155.285667
155.319000
155.352333,
155.385667
155.419000
155.452333
155.485667
155.519000
155.552333
155.585667
155.619000
155.652333
155.685667
155.719000
155.752333
155.785667
155.819000
155.852333
155.885667
155.919000
155.952333
155.985667
156.019000
156.052333
156.085667
156.119000
156.152333
156.185667
156.219000
156.252333
156.285667
156.319000
156.352333
156.385667
156.419000
156.452333
156.485667
156.519000
156.552333
156.585667
156.619000
156.652333
156.685667
156.719000
156.752333
156.785667
156.819000
156.852333
156.885667
156.919000
156.952333
156.985667
157.019000
157.052333,
157.085667
157.119000
157.152333
157.185667
157.219000
157.252333
157.285667
157.319000
157.352333
157.385667
157.419000
157.452333
157.485667
157.519000
157.552333
157.585667
157.619000
157.652333
157.685667
157.719000
157.752333
157.785667
157.819000
157.852333
157.885667
157.919000
157.952333
157.985667
158.019000
158.052333,
158.085667
158.119000
158.152333
158.185667
158.219000
158.252333
158.285667
158.319000
158.352333
158.385667
158.419000
158.452333
158.485667
158.519000
158.552333
158.585667
158.619000
158.652333
158.685667
158.719000
158.752333
158.785667
158.819000
158.852333
158.885667
158.919000
158.952333
158.985667
159.019000
159.052333
159.085667
159.119000
159.152333
159.185667
159.219000
159.252333
159.285667
159.319000
159.352333
159.385667
159.419000
159.452333
159.485667
159.519000
159.552333
159.585667
159.619000
159.652333
159.685667
159.719000
159.752333
159.785667
159.819000
159.852333
159.885667
159.919000
159.953333,
159.986667
160.020000
160.053333
160.086667
160.120000
160.153333
160.186667
160.220000
160.253333
160.286667
160.320000
160.353333
160.386667
160.420000
160.453333
160.486667
160.520000
160.553333
160.586667
160.620000
160.653333
160.686667
160.720000
160.753333
160.786667
160.820000
160.853333
160.886667
160.920000
160.953333
160.986667
161.020000
161.053333
161.086667
161.120000
161.153333
161.186667
161.219333,
161.252667
161.286000
161.319333
161.352667
161.386000
161.419333
161.452667
161.486000
161.519333
161.552667
161.586000
161.619333
161.652667
161.686000
161.719333
161.752667
161.786000
161.819333
161.852667
161.886000
161.919333
161.952667
161.986000
162.019333
162.052667
162.086000
162.119333
162.152667
162.186000
162.219333
162.252667
162.286000
162.319333
162.352667
162.386000
162.419333
162.452667
162.486000
162.519333
162.552667
162.586000
162.619333
162.652667
162.686000
162.719333
162.752667
162.786000
162.819333
162.852667
162.886000
162.919333
162.952667
162.986000
163.019333
163.052667
163.086000,
163.119333
163.152667
163.186000
163.219333
163.252667
163.286000
163.319333
163.352667
163.386000
163.419333
163.452667
163.486000
163.519333
163.552667
163.586000
163.619333
163.652667
163.686000
163.719333
163.752667
163.786000
163.819333
163.852667
163.886000
163.919333
163.952667
163.986000
164.019333
164.052667
164.086000
164.119333
164.152667
164.186000
164.219333
164.252667
164.286000
164.319333
164.352667
164.386000
164.419333
164.452667
164.486000
164.519333
164.552667
164.586000
164.619333
164.652667
164.686000
164.719333
164.752667
164.786000
164.819333
164.852667
164.886000
164.919333
164.952667
164.986000
165.019333
165.052667
165.086000
165.119333
165.152667
165.186000
165.219333
165.252667
165.286000
165.319333
165.352667
165.386000
165.419333
165.452667
165.486000
165.519333
165.552667
165.586000
165.619333
165.652667
165.686000
165.719333
165.752667
165.786000
165.819333,
165.852667
165.886000
165.919333
165.952667
165.986000
166.019333
166.052667
166.086000
166.119333
166.152667
166.186000
166.219333
166.252667
166.286000
166.319333
166.352667
166.386000
166.419333,
166.452667
166.486000
166.519333
166.552667
166.586000
166.619333
166.652667
166.686000
166.719333
166.752667
166.786000
166.819333
166.852667
166.886000
166.919333
166.952667
166.986000
167.019333
167.052667
167.086000
167.119333
167.152667
167.186000
167.219333
167.252667
167.286000
167.319333
167.352667
167.386000
167.419333
167.452667
167.486000
167.519333
167.552667
167.586000
167.619333
167.652667
167.686000
167.719333
167.752667
167.786000
167.819333
167.852667
167.886000
167.919333,
167.952667
167.986000
168.019333
168.052667
168.086000
168.119333
168.152667
168.186000
168.219333
168.252667
168.286000
168.319333
168.352667
168.386000
168.419333
168.452667
168.486000
168.519333
168.552667
168.586000
168.619333
168.652667
168.686000
168.719333
168.752667
168.786000
168.819333
168.852667
168.886000
168.919333
168.952667
168.986000
169.019333
169.052667
169.086000
169.119333
169.152667
169.186000
169.219333
169.252667
169.286000
169.319333,
169.352667
169.386000
169.419333
169.452667
169.486000
169.519333
169.552667
169.586000
169.619333
169.652667
169.686000
169.719333
169.752667
169.786000
169.819333
169.852667
169.886000
169.919333
169.952667
169.986000
170.019333
170.052667
170.086000
170.119333
170.152667
170.186000
170.219333
170.252667
170.286000,
170.319333
170.352667
170.386000
170.419333
170.452667
170.486000
170.519333
170.552667
170.586000
170.619333
170.652667
170.686000
170.719333
170.752667
170.786000
170.819333
170.852667
170.886000
170.919333
170.952667
170.986000
171.019333
171.052667,
171.086000
171.119333
171.152667
171.186000
171.219333
171.252667
171.286000
171.319333
171.352667
171.386000
171.419333
171.452667
171.486000
171.519333
171.552667
171.586000
171.619333
171.652667
171.686000
171.719333
171.752667
171.786000
171.819333
171.852667
171.886000
171.919333
171.952667
171.986000
172.019333
172.052667
172.086000
172.119333
172.152667
172.186000
172.219333
172.252667
172.286000
172.319333
172.352667
172.386000
172.419333
172.452667
172.486000,
172.519333
172.552667
172.586000
172.619333
172.652667
172.686000
172.719333
172.752667
172.786000
172.819333
172.852667
172.886000
172.919333
172.952667
172.986000
173.019333
173.052667
173.086000
173.119333
173.152667
173.186000
173.219333
173.252667
173.286000
173.319333
173.352667
173.386000
173.419333
173.452667
173.486000
173.519333
173.552667
173.586000
173.619333
173.652667
173.686000
173.719333
173.752667
173.786000
173.819333,
173.852667
173.886000
173.919333
173.952667
173.986000
174.019333
174.052667
174.086000
174.119333
174.152667
174.186000
174.219333
174.252667
174.286000
174.319333
174.352667
174.386000
174.419333
174.452667
174.486000
174.519333
174.552667
174.586000
174.619333,
174.652667
174.686000
174.719333
174.752667
174.786000
174.819333
174.852667
174.886000
174.919333
174.952667
174.986000
175.019333
175.052667
175.086000
175.119333
175.152667
175.186000
175.219333
175.252667
175.286000
175.319333
175.352667
175.386000
175.419333
175.452667
175.486000
175.519333
175.552667
175.586000
175.619333,
175.652667
175.686000
175.719333
175.752667
175.786000
175.819333
175.852667
175.886000
175.919333
175.952667
175.986000
176.019333
176.052667
176.086000
176.119333
176.152667
176.186000
176.219333
176.252667
176.286000
176.319333
176.352667
176.386000
176.419333
176.452667
176.486000
176.519333
176.552667
176.586000
176.619333
176.652667
176.686000
176.719333
176.752667
176.786000
176.819333
176.852667
176.886000
176.919333
176.952667
176.986000
177.019333
177.052667
177.086000
177.119333
177.152667
177.186000
177.219333
177.252667
177.286000
177.319333
177.352667
177.386000
177.419333
177.452667
177.486000
177.519333
177.552667
177.586000
177.619333,
177.652667
177.686000
177.719333
177.752667
177.786000
177.819333
177.852667
177.886000
177.919333
177.952667
177.986000
178.019333
178.052667
178.086000
178.119333
178.152667
178.186000
178.219333
178.252667
178.286000
178.319333
178.352667
178.386000
178.419333
178.452667
178.486000
178.519333
178.552667
178.586000
178.619333
178.652667
178.686000
178.719333
178.752667
178.786000
178.819333
178.852667
178.886000
178.919333
178.952667
178.986000
179.019333
179.052667
179.086000
179.119333
179.152667
179.186000
179.219333
179.252667
179.286000
179.319333
179.352667
179.386000
179.419333
179.452667
179.486000
179.519333
179.552667
179.586000
179.619333
179.652667
179.686000
179.719333
179.752667
179.786000
179.819333
179.852667
179.886000
179.919333
179.952667
179.986000
180.019333
180.072333,
180.105667
180.139000
180.172333
180.205667
180.239000
180.272333
180.305667
180.339000
180.372333
180.405667
180.439000
180.472333
180.505667
180.539000
180.572333
180.605667
180.639000
180.672333
180.705667
180.739000
180.772333
180.805667
180.852333,
180.885667
180.919000
180.952333
180.985667
181.019000
181.052333
181.085667
181.119000
181.152333
181.185667
181.219000
181.252333
181.285667
181.319000
181.352333
181.385667
181.419000
181.452333
181.485667
181.519000
181.552333
181.585667
181.619000
181.652333
181.685667
181.718333,
181.751667
181.785000
181.818333
181.851667
181.885000
181.918333
181.951667
181.985000
182.018333
182.051667
182.085000
182.118333
182.151667
182.185000
182.218333
182.251667
182.285000
182.318333
182.351667
182.385000
182.418333
182.451667
182.485000
182.518333
182.551667
182.585000
182.618333
182.651667
182.685000
182.718333
182.751667
182.785000
182.818333
182.851667
182.885000
182.918333
182.951667
182.985000,
183.018333
183.051667
183.085000
183.118333
183.151667
183.185000
183.218333
183.251667
183.285000
183.318333
183.351667
183.385000
183.418333
183.451667
183.485000
183.518333
183.551667
183.585000
183.618333
183.651667
183.685000
183.718333
183.751667
183.785000
183.818333
183.851667
183.885000
183.918333
183.951667
183.985000
184.018333
184.051667
184.085000
184.118333
184.151667
184.185000
184.218333
184.251667
184.285000
184.318000,
184.351333
184.384667
184.418000
184.451333
184.484667
184.518000
184.551333
184.584667
184.618000
184.651333
184.684667
184.718000
184.751333
184.784667
184.818000
184.851333
184.884667
184.918000
184.951333
184.984667
185.018000
185.051333
185.084667
185.118000
185.151333
185.184667
185.218000
185.251333
185.284667
185.318000
185.351333
185.384667
185.418000
185.451333
185.484667
185.518000
185.551333
185.584667
185.618000
185.651333
185.684667
185.718000
185.751333
185.784667
185.818000
185.851333
185.884667
185.918000
185.951333
185.984667
186.019000,
186.052333
186.085667
186.119000
186.152333
186.185667
186.219000
186.252333
186.285667
186.319000
186.352333
186.385667
186.419000
186.452333
186.485667
186.519000
186.552333
186.585667
186.619000
186.652333
186.685667
186.719000
186.752333
186.785667
186.819000,
186.852333
186.885667
186.919000
186.952333
186.985667
187.019000
187.052333
187.085667
187.119000
187.152333
187.185667
187.219000
187.252333
187.285667
187.319000
187.352333
187.385667
187.419000
187.452333
187.485667
187.519000
187.552333
187.585667
187.619000
187.652333
187.685667
187.719000
187.752333
187.785667
187.819000
187.852333,
187.885667
187.919000
187.952333
187.985667
188.019000
188.052333
188.085667
188.119000
188.152333
188.185667
188.219000
188.252333
188.285667
188.319000
188.352333
188.385667
188.419000
188.452333
188.485667
188.519000
188.552333
188.585667
188.619000
188.652333
188.685667
188.719000
188.752333
188.785667
188.819000
188.852333
188.885667
188.919000
188.952333
188.985667
189.019000
189.052333
189.085667
189.119000
189.152333
189.185667
189.219000
189.252333
189.285667
189.319000
189.352333
189.385667
189.419000
189.452333
189.485667
189.519000
189.552333
189.585667
189.619000
189.652333
189.685667
189.719000
189.752333,
189.785667
189.819000
189.852333
189.885667
189.919000
189.952333
189.985667
190.019000
190.052333
190.085667
190.119000
190.152333
190.185667
190.219000
190.252333
190.285667
190.319000
190.352333
190.385667
190.419000
190.452333
190.485667
190.519000
190.552333
190.585667
190.619000
190.652333
190.685667
190.719000
190.752333
190.785667,
190.819000
190.852333
190.885667
190.919000
190.952333
190.985667
191.019000
191.052333
191.085667
191.119000
191.152333
191.185667
191.219000
191.252333
191.285667
191.319000
191.352333
191.385667
191.419000
191.452333
191.485667
191.519000
191.552333
191.585667
191.619000
191.652333,
191.685667
191.719000
191.752333
191.785667
191.819000
191.852333
191.885667
191.919000
191.952333
191.985667
192.019000
192.052333
192.085667
192.119000
192.152333
192.185667
192.219000
192.252333
192.285667
192.319000
192.352333
192.385667
192.419000
192.452333
192.485667
192.519000
192.552333
192.585667
192.619000
192.652333
192.685667
192.719000
192.752333
192.785667
192.819000
192.852333,
192.885667
192.919000
192.952333
192.985667
193.019000
193.052333
193.085667
193.119000
193.152333
193.185667
193.219000
193.252333
193.285667
193.319000
193.352333
193.385667
193.419000
193.452333
193.485667
193.519000
193.552333
193.585667
193.619000
193.652333
193.685667
193.719000
193.752333
193.785667
193.819000
193.852333
193.885667
193.919000
193.952333
193.985667
194.019000
194.052333
194.085667
194.119000
194.152333
194.185667
194.219000
194.252333
194.285667
194.319000
194.352333
194.385667,
194.419000
194.452333
194.485667
194.519000
194.552333
194.585667
194.619000
194.652333
194.685667
194.719000
194.752333
194.785667
194.819000
194.852333
194.885667
194.919000
194.952333
194.985667
195.019000
195.052333
195.085667
195.119000
195.152333
195.185667,
195.219000
195.252333
195.285667
195.319000
195.352333
195.385667
195.419000
195.452333
195.485667
195.519000
195.552333
195.585667
195.619000
195.652333
195.685667
195.719000
195.752333
195.785667
195.819000
195.852333
195.885667
195.919000
195.952333
195.985667
196.019000
196.052333
196.085667
196.119000
196.152333
196.185667
196.219000
196.252333
196.285667
196.319000
196.352333
196.385667
196.419000
196.452333
196.485667
196.519000
196.552333,
196.585667
196.619000
196.652333
196.685667
196.719000
196.752333
196.785667
196.819000
196.852333
196.885667
196.919000
196.952333
196.985667
197.019000
197.052333
197.085667
197.119000
197.152333
197.185667
197.219000
197.252333
197.285667
197.319000
197.352333
197.385667
197.419000
197.452333
197.485667
197.519000
197.552333
197.585667
197.619000
197.652333
197.685667
197.719000
197.752333
197.785667
197.819000
197.852333
197.885667
197.919000
197.952333
197.985667
198.019000
198.052333,
198.085667
198.119000
198.152333
198.185667
198.219000
198.252333
198.285667
198.319000
198.352333
198.385667
198.419000
198.452333
198.485667
198.519000,
198.552333
198.585667
198.619000
198.652333
198.685667
198.719000
198.752333
198.785667
198.819000
198.852333
198.885667
198.919000
198.952333
198.985667
199.019000
199.052333
199.085667
199.119000
199.152333
199.185667
199.219000
199.252333
199.285667
199.319000
199.352333
199.385667
199.419000
199.452333
199.485000,
199.518333
199.551667
199.585000
199.618333
199.651667
199.685000
199.718333
199.751667
199.785000
199.818333
199.851667
199.885000
199.918333
199.951667
199.985000
200.018333
200.051667
200.085000
200.118333
200.151667
200.185000
200.218333
200.251667
200.285000
200.318333
200.351667
200.385000
200.418333
200.451667
200.485000
200.518333
200.551667
200.585000
200.618333
200.651667
200.685000
200.718333
200.751667
200.785000
200.818000,
200.851333
200.884667
200.918000
200.951333
200.984667
201.018000
201.051333
201.084667
201.118000
201.151333
201.184667
201.218000
201.251333
201.284667
201.318000
201.351333
201.384667
201.418000
201.451333
201.484667
201.518000
201.551333
201.584667
201.618000
201.651333
201.684667
201.718000
201.751333
201.784667
201.818000
201.851333
201.884667
201.918000
201.951333
201.984667
202.018000
202.051333
202.084667
202.118000
202.151333
202.184667
202.218000
202.251333
202.284667
202.318000
202.351333
202.384667
202.418000
202.451333
202.484667
202.518000
202.551333
202.584667
202.618000
202.651333
202.684667
202.718000
202.751333
202.784667
202.818000
202.851333
202.884667
202.918000
202.951333
202.984667
203.018000
203.051333
203.084667
203.118000
203.151333
203.184667
203.218000
203.251333
203.284667
203.318000
203.351333
203.384667
